n_t <- 2
n_s <- 2
d <- 2
nu_mu <- 5
nu_r <- 5
M_t <- c(10, 10)
S_t <- c(1, 1)
M_s <- c(10, 10)
S_s <- c(1, 1)
rho_mu <- 9.000000e-01
rho_r <- 9.000000e-01
x <- structure(c(30, 40, 130, 140, 50, 60, 150, 160), .Dim = c(4,2))
